0 0.867571 0.559315 0.110395 0.142060
0 0.143732 0.524774 0.095438 0.148401
1 0.309217 0.475752 0.581907 0.284109
0 0.508884 0.433008 0.018485 0.032983
0 0.642549 0.551187 0.098469 0.144860
0 0.424728 0.428923 0.024911 0.036748
0 0.452832 0.431008 0.021036 0.033632
0 0.754659 0.553772 0.103406 0.142213
1 0.692835 0.507682 0.614330 0.276054
0 0.537768 0.434201 0.024450 0.035435
0 0.652277 0.440649 0.026370 0.036466
0 0.446690 0.540957 0.029000 0.031401
0 0.594620 0.438275 0.025560 0.034293
0 0.565843 0.437117 0.023469 0.034244
0 0.343455 0.422224 0.024680 0.032519
0 0.482146 0.431891 0.022485 0.033074
0 0.394030 0.427671 0.022354 0.035656
