0 0.512082 0.548149 0.098725 0.154566
0 0.136627 0.546601 0.109174 0.152227
0 0.361275 0.547934 0.104821 0.158064
1 0.413755 0.521968 0.822971 0.308306
0 0.627983 0.550082 0.102993 0.156924
0 0.743781 0.547906 0.105369 0.153245
0 0.870097 0.551455 0.105004 0.161833
0 0.606540 0.433713 0.025019 0.037815
0 0.246680 0.547405 0.111190 0.154789
0 0.226622 0.547717 0.065330 0.156066
0 0.367190 0.434289 0.028624 0.039554
1 0.623230 0.936404 0.753541 0.127193
0 0.551695 0.432837 0.020998 0.042518
0 0.629699 0.434445 0.014153 0.038692
0 0.395427 0.432745 0.027858 0.037200
0 0.443515 0.434048 0.022711 0.037527
0 0.653067 0.434551 0.022329 0.039485
