0 0.863929 0.567168 0.102584 0.152451
0 0.755499 0.561581 0.101856 0.146851
0 0.643684 0.558115 0.101540 0.147317
0 0.138843 0.541925 0.100608 0.158286
1 0.417813 0.487101 0.835626 0.305840
0 0.542235 0.556560 0.046360 0.148473
0 0.624180 0.453004 0.041652 0.044861
0 0.677567 0.451701 0.043573 0.045872
0 0.782713 0.455810 0.045156 0.043290
0 0.727251 0.453798 0.037071 0.043849
0 0.368593 0.548403 0.096954 0.148240
0 0.382133 0.441411 0.042398 0.045809
0 0.255261 0.544996 0.034419 0.150326
1 0.554931 0.503362 0.839502 0.312363
0 0.573322 0.448696 0.040637 0.045553
