0 0.707183 0.252330 0.038484 0.069323
0 0.378336 0.263055 0.039005 0.073829
0 0.424357 0.260871 0.041801 0.071185
0 0.607742 0.253946 0.038536 0.069092
0 0.656658 0.254658 0.036149 0.066271
0 0.191080 0.268335 0.042143 0.067138
0 0.472573 0.260621 0.040204 0.067402
0 0.327520 0.264517 0.042418 0.071647
0 0.806795 0.250251 0.038883 0.066870
0 0.121810 0.427678 0.031571 0.069301
0 0.755271 0.252233 0.037655 0.069427
0 0.237546 0.267495 0.038679 0.067196
0 0.137167 0.266318 0.030951 0.035497
1 0.496151 0.729147 0.360948 0.246548
