0 0.136981 0.529931 0.105138 0.141491
1 0.368780 0.479237 0.722769 0.266869
0 0.245111 0.530627 0.102942 0.144022
0 0.754558 0.543803 0.097128 0.140399
0 0.867403 0.549141 0.037868 0.142966
0 0.644246 0.435209 0.024900 0.032948
0 0.415676 0.432506 0.025682 0.034073
0 0.530439 0.535825 0.097509 0.144538
0 0.671050 0.435769 0.023132 0.033939
0 0.473250 0.432946 0.026553 0.032954
0 0.558699 0.434721 0.025939 0.032934
1 0.622985 0.936697 0.754030 0.126606
0 0.443810 0.433027 0.023578 0.033181
0 0.587953 0.435845 0.025714 0.030476
0 0.501881 0.433426 0.021801 0.032869
0 0.444259 0.532804 0.032660 0.029186
