0 0.476965 0.495266 0.077637 0.215545
0 0.897464 0.345213 0.052056 0.090046
0 0.767022 0.727689 0.092571 0.181589
0 0.761444 0.341020 0.049359 0.087996
1 0.445507 0.415897 0.689416 0.482383
0 0.404177 0.698596 0.071823 0.174433
0 0.601259 0.326934 0.046438 0.083188
0 0.562697 0.499644 0.094199 0.212104
0 0.654756 0.331627 0.047219 0.079302
0 0.226295 0.299480 0.043682 0.080836
1 0.460396 0.397515 0.732778 0.348236
0 0.236312 0.681660 0.126816 0.177290
0 0.349651 0.310132 0.050660 0.093323
0 0.556400 0.323550 0.051106 0.085274
0 0.402746 0.312369 0.048544 0.088431
0 0.709014 0.340105 0.047238 0.103257
