0 0.478191 0.420460 0.067598 0.257098
0 0.566821 0.419700 0.047153 0.253605
0 0.152663 0.795967 0.048482 0.099012
0 0.373045 0.209830 0.048439 0.071959
0 0.422113 0.670260 0.079489 0.195038
0 0.569797 0.212061 0.048213 0.079252
0 0.104152 0.795570 0.048592 0.098388
0 0.421920 0.695773 0.090562 0.245961
0 0.244806 0.692907 0.137748 0.251601
1 0.466544 0.536559 0.605384 0.666662
0 0.501492 0.420640 0.119609 0.266271
0 0.443141 0.211464 0.049249 0.076122
0 0.370770 0.208480 0.031096 0.068057
0 0.507353 0.211741 0.054852 0.074751
