0 0.152019 0.539356 0.120838 0.148204
0 0.861156 0.551086 0.108511 0.127846
0 0.554476 0.550214 0.101795 0.133550
0 0.272145 0.542671 0.110601 0.141788
0 0.696159 0.453262 0.029240 0.035931
1 0.408951 0.494073 0.817902 0.283435
0 0.613719 0.451877 0.023227 0.036204
0 0.539322 0.449944 0.027451 0.033505
0 0.481880 0.447844 0.028365 0.036154
0 0.642736 0.451844 0.030648 0.037350
0 0.510754 0.449039 0.023430 0.033314
0 0.658454 0.552180 0.046303 0.129716
0 0.384362 0.442361 0.029466 0.035276
0 0.762066 0.553180 0.050568 0.128563
0 0.666827 0.452962 0.022612 0.037195
1 0.623439 0.933170 0.753122 0.133659
0 0.390893 0.542947 0.101916 0.140082
0 0.586418 0.449959 0.029357 0.035296
0 0.472337 0.550614 0.029785 0.025287
