0 0.609213 0.229659 0.032400 0.063284
0 0.525513 0.232454 0.033225 0.062525
0 0.682753 0.228872 0.031144 0.061098
0 0.456926 0.234398 0.035721 0.069661
0 0.715108 0.229047 0.030052 0.062350
0 0.650276 0.230105 0.028362 0.062207
0 0.328213 0.236241 0.033058 0.062955
0 0.494234 0.233399 0.033548 0.063489
0 0.566783 0.230916 0.035534 0.063506
0 0.424246 0.234825 0.033551 0.064015
0 0.782996 0.225060 0.034846 0.062455
0 0.673974 0.419225 0.060048 0.248501
1 0.469769 0.345411 0.660179 0.468209
0 0.268924 0.237000 0.034734 0.068275
0 0.530913 0.423378 0.057700 0.251772
1 0.261972 0.340398 0.241282 0.454593
0 0.394953 0.235455 0.033265 0.062146
