0 0.865248 0.541814 0.103666 0.149737
1 0.364367 0.497374 0.706487 0.301936
0 0.537471 0.423737 0.020124 0.036056
0 0.137277 0.535156 0.103278 0.146665
1 0.675900 0.493108 0.648200 0.287006
0 0.622728 0.425040 0.027527 0.038196
0 0.508085 0.424148 0.025849 0.037928
0 0.756048 0.540242 0.098133 0.147598
0 0.592937 0.425358 0.025006 0.037997
0 0.642355 0.541762 0.097107 0.147923
0 0.454686 0.420034 0.024421 0.032687
0 0.559232 0.423622 0.014926 0.036627
0 0.427087 0.422284 0.024624 0.037050
1 0.588884 0.938561 0.807983 0.120936
0 0.530987 0.537401 0.095077 0.146116
0 0.446493 0.538515 0.026182 0.027006
