0 0.777354 0.727642 0.066621 0.223412
0 0.480543 0.282402 0.047929 0.065353
0 0.570273 0.472417 0.062036 0.236635
0 0.383591 0.282953 0.045097 0.065598
0 0.431270 0.287266 0.042289 0.061162
0 0.334228 0.285276 0.045355 0.067132
0 0.539100 0.280899 0.045459 0.069234
0 0.831298 0.280298 0.046007 0.065117
0 0.662830 0.280013 0.044614 0.064176
0 0.614379 0.280556 0.044309 0.063361
1 0.204731 0.550519 0.326719 0.671174
0 0.263189 0.285580 0.044599 0.064534
1 0.390231 0.277028 0.780463 0.150496
0 0.577173 0.281797 0.019735 0.063817
0 0.421270 0.734021 0.162687 0.234308
0 0.709397 0.281974 0.040631 0.061764
