0 0.662648 0.423807 0.156934 0.259864
0 0.479732 0.435616 0.163585 0.256857
0 0.624954 0.426277 0.082234 0.263278
0 0.414428 0.704382 0.147912 0.251383
0 0.447175 0.436039 0.089512 0.256861
0 0.323114 0.439854 0.128144 0.249641
0 0.524198 0.433471 0.068352 0.256140
1 0.457061 0.579019 0.739491 0.575277
0 0.771437 0.691401 0.136121 0.246003
0 0.180878 0.822268 0.051551 0.093957
0 0.589384 0.697857 0.151606 0.243139
1 0.478389 0.425082 0.724130 0.361474
0 0.558197 0.697221 0.088992 0.241661
0 0.137877 0.821746 0.048047 0.093962
