0 0.442213 0.464797 0.092788 0.206129
0 0.408964 0.670568 0.136761 0.191972
0 0.565733 0.663507 0.140953 0.197474
0 0.678664 0.455524 0.132001 0.197061
0 0.247266 0.678172 0.129365 0.197758
0 0.511193 0.459502 0.058637 0.203132
0 0.265025 0.474485 0.144798 0.204668
0 0.721769 0.656658 0.135143 0.193246
1 0.355823 0.506098 0.604729 0.633443
0 0.469426 0.307848 0.041664 0.068317
0 0.351516 0.314422 0.046382 0.068714
0 0.425499 0.310421 0.048699 0.069547
0 0.557845 0.302086 0.044950 0.068013
0 0.603347 0.299967 0.047567 0.066604
