0 0.674111 0.400854 0.074404 0.228367
0 0.501505 0.399802 0.080099 0.228751
0 0.554141 0.400413 0.092587 0.224781
1 0.511242 0.548372 0.541997 0.607028
0 0.142908 0.762548 0.051638 0.105529
0 0.427777 0.645565 0.135993 0.239154
0 0.693368 0.401136 0.112444 0.232000
1 0.337834 0.500778 0.593750 0.689191
0 0.531034 0.400679 0.137479 0.228972
0 0.668692 0.374120 0.066642 0.175361
0 0.258810 0.643935 0.136082 0.250189
0 0.743184 0.398432 0.064518 0.224251
0 0.372301 0.387298 0.127182 0.206772
0 0.096166 0.758326 0.053920 0.102105
