0 0.561425 0.677568 0.058982 0.267492
0 0.287118 0.182606 0.046589 0.070602
0 0.351220 0.183124 0.045348 0.066356
0 0.398232 0.184029 0.047703 0.067693
0 0.856447 0.422540 0.058005 0.163808
0 0.818013 0.189506 0.050521 0.074108
0 0.502120 0.188150 0.044884 0.074233
0 0.456584 0.188403 0.052073 0.077816
0 0.374761 0.667392 0.080668 0.270035
0 0.598232 0.186364 0.044146 0.071011
1 0.352688 0.294504 0.627549 0.472523
0 0.718241 0.667426 0.111967 0.242881
0 0.692427 0.187013 0.041349 0.068912
0 0.258460 0.371273 0.138887 0.227028
0 0.230128 0.183570 0.045659 0.068683
1 0.588490 0.514532 0.526322 0.708521
