0 0.225177 0.699793 0.075577 0.210832
0 0.352047 0.277055 0.062864 0.080840
0 0.188374 0.277526 0.055236 0.080603
0 0.801116 0.282219 0.066562 0.083222
0 0.492859 0.278806 0.071677 0.080679
1 0.355859 0.355372 0.653975 0.435651
0 0.250969 0.279105 0.061718 0.083890
0 0.727845 0.284035 0.066668 0.081721
0 0.561175 0.281258 0.061177 0.082218
0 0.421683 0.280785 0.061707 0.080306
0 0.401121 0.696832 0.127505 0.205235
0 0.569575 0.704990 0.136364 0.211619
0 0.263866 0.459372 0.165592 0.201121
1 0.308013 0.594977 0.560828 0.530196
