0 0.402492 0.692297 0.072015 0.182785
0 0.260580 0.687383 0.114957 0.179034
0 0.382677 0.320824 0.048780 0.076648
0 0.475591 0.487248 0.173028 0.198394
1 0.402185 0.547064 0.699255 0.589743
0 0.554070 0.315300 0.046724 0.080261
0 0.425629 0.321370 0.044452 0.080158
0 0.511420 0.317443 0.042684 0.075051
0 0.337338 0.321555 0.041498 0.075101
0 0.255351 0.324517 0.043561 0.073197
0 0.467005 0.318560 0.046496 0.077599
0 0.144686 0.668912 0.063915 0.200742
0 0.267793 0.489582 0.157415 0.193904
0 0.431608 0.487150 0.079851 0.193499
0 0.621667 0.311796 0.038490 0.077530
