0 0.394989 0.278594 0.033988 0.069038
0 0.572189 0.278825 0.032135 0.067825
0 0.626583 0.277721 0.031370 0.069685
0 0.450528 0.277992 0.033070 0.069671
0 0.536216 0.277158 0.029170 0.065238
0 0.777758 0.703112 0.141679 0.227718
0 0.663301 0.280060 0.028835 0.072261
0 0.253048 0.279157 0.040224 0.072904
0 0.698359 0.278836 0.030276 0.068562
0 0.501613 0.277997 0.031415 0.066303
0 0.358263 0.278465 0.030563 0.069033
1 0.548792 0.267108 0.702132 0.159437
0 0.289391 0.279749 0.030796 0.071209
0 0.734511 0.278818 0.030836 0.070835
0 0.781371 0.282523 0.032454 0.065534
0 0.329827 0.278390 0.047414 0.067062
