0 0.455852 0.282328 0.035488 0.064020
0 0.409165 0.281438 0.036053 0.061621
0 0.598537 0.278678 0.035820 0.059556
0 0.692938 0.276248 0.037655 0.062203
0 0.180758 0.288851 0.037570 0.063666
0 0.504949 0.283032 0.031407 0.063526
0 0.646613 0.281023 0.036601 0.067427
0 0.362142 0.282228 0.037822 0.062845
0 0.312262 0.287706 0.037150 0.071714
0 0.775247 0.678557 0.145113 0.216108
0 0.552270 0.279246 0.038977 0.056726
0 0.228099 0.291214 0.035907 0.065194
0 0.229681 0.683788 0.137161 0.198343
1 0.411241 0.252492 0.774275 0.193835
0 0.807757 0.275823 0.038055 0.062374
0 0.404604 0.689304 0.152650 0.221552
