0 0.342006 0.247585 0.032031 0.065798
0 0.477049 0.241748 0.036836 0.064821
0 0.634125 0.232893 0.032931 0.063346
0 0.547272 0.237773 0.031797 0.063633
0 0.413416 0.243771 0.028198 0.061524
0 0.514531 0.239690 0.032369 0.066080
0 0.443879 0.242603 0.029518 0.062608
0 0.742204 0.229462 0.032474 0.064165
0 0.675247 0.231291 0.032133 0.063675
0 0.382841 0.245776 0.029890 0.064166
0 0.708592 0.230540 0.031018 0.063475
0 0.587527 0.235285 0.032504 0.067046
0 0.752302 0.433948 0.069620 0.268184
0 0.279877 0.251122 0.035099 0.066500
0 0.807465 0.227819 0.037421 0.063598
