0 0.604252 0.690002 0.127866 0.231748
0 0.439002 0.701606 0.142861 0.228341
0 0.402117 0.702075 0.067099 0.225059
0 0.482952 0.699289 0.059012 0.224462
0 0.460742 0.699219 0.103203 0.226294
0 0.334665 0.457753 0.141172 0.253067
0 0.644306 0.441969 0.051642 0.240211
0 0.737475 0.439831 0.049626 0.243694
1 0.501116 0.580215 0.787171 0.554350
0 0.153308 0.813007 0.047038 0.082910
0 0.773195 0.682323 0.131657 0.224725
0 0.273464 0.704789 0.125938 0.232672
0 0.197238 0.810114 0.048889 0.084380
0 0.665277 0.441492 0.094837 0.241666
