0 0.402111 0.698040 0.132278 0.215383
0 0.313220 0.326993 0.029393 0.058889
0 0.243404 0.707850 0.135848 0.211692
0 0.113567 0.452786 0.103194 0.175690
0 0.344356 0.323141 0.032320 0.058777
0 0.284773 0.330031 0.030883 0.057897
0 0.260669 0.495209 0.143288 0.219308
0 0.385363 0.320347 0.032394 0.056943
0 0.416018 0.317095 0.030977 0.057902
0 0.565353 0.681710 0.150741 0.212532
1 0.248921 0.533683 0.412728 0.655186
0 0.506289 0.306817 0.036265 0.062120
0 0.463342 0.475136 0.145973 0.207042
0 0.610907 0.294874 0.033474 0.059194
0 0.679683 0.455333 0.176164 0.215564
0 0.674287 0.289027 0.037138 0.057797
