0 0.345251 0.545451 0.113861 0.160244
0 0.650623 0.546450 0.118196 0.159113
0 0.527090 0.546341 0.111389 0.156160
1 0.410070 0.505852 0.820140 0.332958
0 0.259270 0.544315 0.052195 0.156484
0 0.773501 0.548414 0.123818 0.155454
0 0.104106 0.542225 0.130870 0.162015
0 0.224362 0.543380 0.128067 0.160800
0 0.199647 0.544204 0.077310 0.160977
0 0.490241 0.427305 0.033376 0.045007
1 0.588398 0.935812 0.808361 0.126671
0 0.242768 0.543948 0.086496 0.160253
0 0.646607 0.427740 0.030322 0.042837
0 0.554747 0.427136 0.038892 0.044493
0 0.520730 0.427291 0.032433 0.043551
