0 0.841395 0.609336 0.113972 0.144272
0 0.634059 0.463852 0.027433 0.041497
1 0.254812 0.463279 0.479714 0.292425
0 0.735365 0.596809 0.110788 0.146179
0 0.665878 0.466770 0.032002 0.042087
1 0.650930 0.449618 0.592578 0.127575
0 0.635651 0.579605 0.065032 0.152832
1 0.192083 0.472362 0.353916 0.285317
0 0.537165 0.445303 0.031683 0.040192
0 0.503671 0.440347 0.026554 0.043980
0 0.608768 0.460655 0.031004 0.041878
1 0.603787 0.441073 0.762251 0.137816
1 0.586243 0.951574 0.790185 0.096347
0 0.694109 0.473151 0.030111 0.038875
0 0.474590 0.436446 0.031087 0.040282
