0 0.525718 0.266427 0.039062 0.063619
0 0.657272 0.269069 0.036238 0.062751
0 0.568723 0.267675 0.035763 0.066417
0 0.700765 0.269615 0.039068 0.059841
0 0.438693 0.264639 0.038226 0.066048
0 0.267217 0.261602 0.038365 0.065391
0 0.396363 0.264163 0.039026 0.066103
0 0.498483 0.489247 0.073864 0.187279
1 0.496074 0.471139 0.160407 0.263657
0 0.482370 0.267172 0.034188 0.062169
0 0.403762 0.718958 0.151536 0.227934
0 0.310101 0.264733 0.036645 0.068126
1 0.250398 0.549030 0.414493 0.592676
1 0.495724 0.256713 0.659744 0.146998
1 0.630691 0.476787 0.434707 0.269665
1 0.660797 0.670824 0.385078 0.387100
