0 0.859062 0.541003 0.109855 0.161423
0 0.485817 0.419426 0.026553 0.037203
0 0.648404 0.419369 0.026674 0.037520
1 0.420850 0.473242 0.572054 0.281204
0 0.345576 0.533246 0.090649 0.158955
0 0.740016 0.538482 0.106126 0.161950
1 0.693857 0.482469 0.604335 0.279554
0 0.588443 0.417819 0.025694 0.038600
0 0.456960 0.418514 0.018165 0.037466
1 0.588827 0.937264 0.806121 0.123896
0 0.625956 0.535822 0.109762 0.160113
0 0.560886 0.419424 0.021541 0.035794
0 0.532470 0.418476 0.024664 0.037474
0 0.429229 0.418693 0.026903 0.037801
0 0.337769 0.418363 0.023639 0.037984
