0 0.721254 0.411211 0.054820 0.247864
0 0.506880 0.418205 0.107972 0.251388
1 0.599647 0.521994 0.516952 0.689488
0 0.762707 0.663362 0.095137 0.218008
0 0.656608 0.413487 0.119872 0.250389
0 0.252567 0.702319 0.126009 0.248661
0 0.119987 0.826784 0.048564 0.101627
0 0.600963 0.688694 0.141218 0.253453
0 0.808492 0.732508 0.078971 0.149634
0 0.170910 0.825257 0.055424 0.101274
0 0.494953 0.410531 0.078149 0.232450
1 0.217643 0.538094 0.381900 0.722813
0 0.783306 0.727352 0.130480 0.155637
0 0.443535 0.690621 0.095880 0.248061
0 0.782954 0.671227 0.136782 0.247396
0 0.633513 0.415408 0.069789 0.249348
0 0.314457 0.429151 0.139647 0.262749
