0 0.258470 0.697152 0.119078 0.210091
0 0.416446 0.702320 0.118391 0.218163
1 0.419563 0.584605 0.709337 0.529005
0 0.644187 0.441515 0.119871 0.256783
0 0.622716 0.443117 0.073458 0.251973
1 0.553852 0.579294 0.730408 0.526809
0 0.527358 0.265936 0.048303 0.085004
0 0.297959 0.452550 0.130252 0.248638
1 0.419875 0.572377 0.459929 0.522665
0 0.473341 0.449781 0.147792 0.248547
0 0.737272 0.695220 0.135541 0.227447
0 0.469798 0.268667 0.050392 0.077951
1 0.314706 0.568652 0.500006 0.579205
0 0.688935 0.439712 0.091073 0.252767
1 0.355292 0.538536 0.668019 0.646054
0 0.442846 0.451758 0.081762 0.251205
0 0.522580 0.443689 0.048853 0.239569
