0 0.398249 0.701485 0.066623 0.233462
0 0.558501 0.440045 0.057754 0.246769
0 0.520810 0.438803 0.135083 0.252132
0 0.479108 0.442001 0.082743 0.247824
0 0.326942 0.447042 0.139554 0.250163
1 0.438119 0.579195 0.728814 0.563476
0 0.792764 0.695729 0.131550 0.243695
0 0.483312 0.702973 0.058665 0.236104
0 0.612873 0.698877 0.143349 0.241823
0 0.542951 0.438340 0.090932 0.252281
0 0.692210 0.433703 0.153173 0.255701
0 0.431260 0.701375 0.132014 0.235489
0 0.575601 0.700614 0.066456 0.237694
0 0.468888 0.701454 0.088673 0.241721
