0 0.518589 0.459949 0.048037 0.224636
0 0.390876 0.687741 0.137134 0.222128
0 0.663958 0.469403 0.148091 0.238507
0 0.564730 0.690236 0.143089 0.228265
0 0.227619 0.680160 0.134863 0.210983
0 0.550268 0.295936 0.049770 0.076959
0 0.191811 0.293988 0.048863 0.070355
0 0.285164 0.460029 0.129963 0.228895
0 0.650480 0.296740 0.047537 0.075332
0 0.752017 0.702181 0.140812 0.211694
0 0.752196 0.293965 0.051450 0.073870
1 0.424875 0.506427 0.754531 0.550500
0 0.238292 0.294428 0.045575 0.071705
1 0.427883 0.405955 0.817369 0.412851
0 0.315414 0.294329 0.047951 0.070387
0 0.362714 0.294717 0.047001 0.073671
0 0.801146 0.296707 0.048243 0.075327
0 0.700316 0.296036 0.052033 0.074223
0 0.454306 0.295675 0.047790 0.072372
