0 0.834339 0.540324 0.101008 0.164637
0 0.719287 0.541340 0.097669 0.167561
0 0.498246 0.539372 0.096830 0.163951
0 0.162816 0.537622 0.100309 0.177555
0 0.613607 0.540832 0.100448 0.163666
0 0.392201 0.539817 0.098289 0.169492
1 0.412796 0.517838 0.795789 0.322482
0 0.279038 0.535948 0.109291 0.165962
0 0.377830 0.537571 0.071835 0.165789
0 0.258896 0.535424 0.068526 0.164248
0 0.104947 0.608739 0.028022 0.050838
0 0.309939 0.535790 0.044567 0.162986
0 0.078031 0.608195 0.029041 0.049559
1 0.623055 0.935588 0.753889 0.128823
