0 0.641162 0.541605 0.098980 0.165434
0 0.877277 0.534798 0.103720 0.161475
0 0.760713 0.521961 0.099306 0.134453
1 0.493049 0.488074 0.740565 0.308810
0 0.367145 0.545825 0.104654 0.166575
0 0.522239 0.541039 0.103421 0.163830
0 0.536509 0.422090 0.025876 0.038356
0 0.419065 0.423353 0.027394 0.041042
0 0.122018 0.552129 0.104284 0.174291
0 0.322159 0.425373 0.027674 0.041703
0 0.106269 0.552099 0.073321 0.175131
0 0.584680 0.421285 0.021804 0.038379
1 0.622914 0.935511 0.754173 0.128978
1 0.365449 0.501494 0.713733 0.324309
0 0.354414 0.424746 0.026489 0.042903
