0 0.408079 0.708930 0.130093 0.238900
1 0.465757 0.528216 0.544619 0.670705
0 0.434639 0.451886 0.069382 0.252135
0 0.472363 0.448278 0.150979 0.248595
0 0.188867 0.818599 0.049019 0.091400
0 0.145286 0.817074 0.048115 0.086093
0 0.585100 0.700681 0.137780 0.233866
0 0.260603 0.712216 0.142522 0.224889
0 0.521323 0.443525 0.061945 0.243664
0 0.651830 0.435226 0.114646 0.255263
0 0.309435 0.448806 0.135233 0.226600
0 0.447644 0.455837 0.097825 0.254681
0 0.252018 0.670782 0.124680 0.139461
1 0.402777 0.405150 0.693193 0.498431
