0 0.366523 0.536457 0.100275 0.155946
0 0.873050 0.542649 0.106323 0.153157
0 0.136568 0.534704 0.106044 0.156470
0 0.648929 0.539640 0.109322 0.156155
0 0.535132 0.538622 0.046052 0.153372
1 0.402652 0.497206 0.805304 0.336222
0 0.251268 0.533911 0.104560 0.161374
0 0.640939 0.421418 0.027534 0.034722
0 0.762435 0.520281 0.102227 0.118526
0 0.572560 0.420063 0.025793 0.034235
0 0.667982 0.421470 0.026563 0.034118
0 0.446800 0.417886 0.028358 0.038414
0 0.502359 0.418234 0.026432 0.038513
1 0.622501 0.935732 0.754998 0.128536
