0 0.632575 0.238718 0.053671 0.070339
0 0.526713 0.243665 0.048340 0.075485
0 0.222366 0.263645 0.055536 0.076424
0 0.482577 0.497315 0.165821 0.130546
0 0.687688 0.229792 0.049304 0.071584
0 0.315999 0.253815 0.050374 0.073926
0 0.367928 0.249820 0.050923 0.075172
0 0.239044 0.708745 0.151641 0.245913
0 0.171282 0.270603 0.053573 0.069887
1 0.412650 0.522858 0.721124 0.684349
0 0.473619 0.244770 0.053706 0.074609
0 0.468951 0.372326 0.162718 0.137964
0 0.422147 0.248892 0.048577 0.075080
0 0.579753 0.241595 0.054028 0.072382
0 0.772745 0.220011 0.048293 0.076949
0 0.728778 0.222944 0.029532 0.074195
0 0.596699 0.683662 0.104638 0.254473
