0 0.775624 0.738158 0.067999 0.260279
0 0.207642 0.724414 0.058688 0.258732
0 0.327627 0.232889 0.046440 0.078381
0 0.699041 0.238791 0.043041 0.080546
0 0.374831 0.234209 0.045263 0.078171
1 0.290856 0.593173 0.554352 0.655769
0 0.653110 0.238006 0.044001 0.075480
0 0.745615 0.237206 0.044570 0.077992
0 0.524943 0.237404 0.048273 0.077589
0 0.605031 0.238270 0.042831 0.076617
0 0.416257 0.231120 0.040736 0.077632
1 0.408869 0.585025 0.681522 0.656864
0 0.383802 0.727213 0.147091 0.259237
1 0.218273 0.593460 0.402553 0.631279
