0 0.175006 0.556794 0.119303 0.111644
0 0.288849 0.553555 0.090991 0.110350
0 0.384385 0.546971 0.095147 0.108885
0 0.822419 0.530896 0.109832 0.111853
0 0.519992 0.540625 0.088006 0.108822
1 0.415599 0.520378 0.807646 0.289805
0 0.719860 0.540393 0.104500 0.118069
0 0.625248 0.538841 0.051103 0.110418
0 0.814676 0.443667 0.040301 0.042845
0 0.389365 0.463668 0.036772 0.037210
0 0.347922 0.464794 0.036514 0.039310
0 0.239274 0.469343 0.034485 0.035221
0 0.206506 0.557168 0.054191 0.109551
1 0.588210 0.934374 0.804631 0.129816
0 0.539831 0.456632 0.032988 0.036054
0 0.305172 0.467876 0.034082 0.037902
0 0.647615 0.451030 0.036910 0.037564
0 0.580983 0.454880 0.034076 0.038043
0 0.433255 0.460710 0.035152 0.035938
