0 0.308518 0.477202 0.058217 0.211127
0 0.678077 0.290597 0.049312 0.079291
0 0.628443 0.292602 0.047924 0.078543
0 0.394812 0.706633 0.138301 0.207850
0 0.653622 0.481229 0.066731 0.216278
0 0.206205 0.306576 0.040664 0.072009
0 0.206010 0.478985 0.068382 0.207120
1 0.396352 0.535659 0.698522 0.612620
0 0.818889 0.283060 0.051029 0.085720
0 0.224060 0.479340 0.105522 0.207833
0 0.317516 0.300304 0.044045 0.075696
0 0.772801 0.288582 0.038520 0.078298
0 0.728411 0.289070 0.046886 0.079983
0 0.580184 0.294529 0.045380 0.078264
0 0.361978 0.299193 0.044087 0.076522
0 0.484102 0.478719 0.173728 0.221990
0 0.492410 0.296721 0.045737 0.078374
0 0.273997 0.301817 0.043639 0.075443
1 0.399914 0.399914 0.750771 0.498823
0 0.232955 0.703762 0.134108 0.203174
