0 0.443995 0.696505 0.052298 0.252869
0 0.650269 0.416007 0.081752 0.259796
0 0.139968 0.804396 0.045986 0.098623
0 0.721916 0.407691 0.079973 0.240580
0 0.376416 0.695455 0.104284 0.258368
0 0.093185 0.802585 0.047006 0.099854
0 0.268153 0.416387 0.059103 0.256664
1 0.408742 0.566081 0.562828 0.674152
0 0.553776 0.216016 0.046334 0.082549
0 0.493633 0.219492 0.052847 0.077303
0 0.283826 0.414969 0.088674 0.256956
1 0.513119 0.572451 0.570129 0.659547
1 0.282603 0.529833 0.544424 0.742018
0 0.446541 0.656388 0.053240 0.172003
0 0.503385 0.411950 0.065202 0.253854
0 0.722768 0.375243 0.074298 0.179756
