0 0.378747 0.680669 0.061026 0.211128
1 0.436537 0.403396 0.725395 0.479240
0 0.496713 0.460616 0.069295 0.238328
0 0.432310 0.459282 0.119503 0.238297
0 0.649383 0.461778 0.057688 0.240454
0 0.230284 0.456737 0.132340 0.220452
0 0.221936 0.663407 0.126868 0.197659
0 0.411474 0.290661 0.044177 0.074112
0 0.667882 0.286962 0.050079 0.082786
0 0.459337 0.458671 0.143074 0.242843
0 0.560813 0.292908 0.045668 0.070392
0 0.542833 0.691265 0.151283 0.227314
0 0.753593 0.462197 0.059644 0.242984
1 0.422474 0.523159 0.770853 0.625944
0 0.510389 0.288906 0.046309 0.075262
0 0.246683 0.294997 0.044413 0.067328
0 0.314645 0.291578 0.046299 0.069884
0 0.362999 0.290657 0.044381 0.071736
0 0.613953 0.288059 0.052525 0.077583
0 0.458619 0.288310 0.048747 0.075671
0 0.677964 0.463356 0.119234 0.244465
0 0.481545 0.458322 0.099321 0.242133
