0 0.367063 0.545486 0.042382 0.161796
0 0.280833 0.553072 0.056888 0.160524
1 0.369292 0.512478 0.708515 0.328564
0 0.139657 0.562793 0.109562 0.167135
0 0.651619 0.414165 0.024477 0.039963
0 0.510963 0.421351 0.020474 0.036509
0 0.596211 0.416577 0.026354 0.037847
0 0.226498 0.555618 0.055058 0.160440
0 0.565993 0.417866 0.023467 0.036575
0 0.453666 0.422969 0.025006 0.038100
0 0.426636 0.424958 0.024955 0.038450
0 0.622051 0.415066 0.022473 0.039524
0 0.482294 0.421559 0.024552 0.037506
1 0.246757 0.512036 0.456826 0.328359
0 0.538787 0.419018 0.024710 0.037695
0 0.760468 0.525819 0.097862 0.161495
0 0.721276 0.409408 0.027760 0.038226
0 0.395663 0.426286 0.022709 0.038616
0 0.676047 0.411683 0.018924 0.039655
0 0.343889 0.429098 0.023993 0.038214
