0 0.706884 0.294105 0.054447 0.075994
0 0.412769 0.692145 0.148071 0.223880
1 0.445259 0.542346 0.784203 0.567443
0 0.655413 0.295331 0.048082 0.074634
0 0.762781 0.691776 0.148312 0.216451
0 0.379008 0.294479 0.048620 0.069992
0 0.317405 0.469107 0.048269 0.222392
0 0.452809 0.294833 0.050173 0.073013
0 0.509093 0.465103 0.154728 0.237323
0 0.504919 0.296294 0.048361 0.074366
0 0.555566 0.294993 0.050986 0.072127
0 0.790176 0.469961 0.089168 0.219998
0 0.238155 0.693643 0.145486 0.222785
0 0.605111 0.296030 0.056121 0.075426
