0 0.669497 0.465743 0.160115 0.236882
0 0.904868 0.482633 0.053550 0.129078
0 0.575085 0.296930 0.058306 0.082446
0 0.518721 0.300389 0.055209 0.078525
0 0.457487 0.300993 0.053254 0.082806
0 0.295377 0.480157 0.127445 0.226154
0 0.486362 0.471082 0.147797 0.237406
0 0.238269 0.705814 0.144550 0.228562
0 0.826735 0.290762 0.052053 0.076103
0 0.761826 0.676095 0.146750 0.199066
0 0.304493 0.308310 0.056008 0.080269
0 0.270408 0.479997 0.075199 0.226398
0 0.634307 0.294883 0.057557 0.078706
0 0.204637 0.310517 0.059106 0.079319
0 0.451158 0.473347 0.079002 0.231963
0 0.406463 0.308226 0.048627 0.079303
0 0.355592 0.304288 0.051558 0.078723
