0 0.661786 0.536066 0.097165 0.162391
0 0.375217 0.536277 0.098747 0.167678
1 0.417490 0.483411 0.834981 0.306290
0 0.552259 0.506581 0.097579 0.105071
0 0.561660 0.413898 0.026290 0.036003
0 0.550971 0.530115 0.098312 0.150010
0 0.768121 0.520572 0.096888 0.129555
0 0.514045 0.412300 0.024343 0.037548
0 0.875231 0.539413 0.091241 0.165956
0 0.537378 0.412576 0.020898 0.038290
0 0.235322 0.533852 0.063671 0.167058
0 0.294781 0.534044 0.035786 0.165057
1 0.623279 0.940384 0.753442 0.119233
0 0.591795 0.414272 0.026660 0.035890
0 0.374052 0.411274 0.026459 0.036480
