0 0.757952 0.542769 0.109720 0.165909
0 0.640837 0.542465 0.103687 0.164351
0 0.868834 0.544756 0.109909 0.166573
0 0.211879 0.537293 0.054298 0.171727
0 0.518241 0.542131 0.089636 0.162275
0 0.278012 0.542364 0.060517 0.185153
1 0.402553 0.505332 0.805107 0.342813
0 0.363609 0.541812 0.045673 0.168112
0 0.158058 0.535871 0.054813 0.168975
0 0.127374 0.536358 0.116903 0.173325
1 0.622682 0.941573 0.754636 0.116693
0 0.146632 0.534492 0.078376 0.174545
0 0.580060 0.421582 0.024416 0.039109
0 0.608715 0.420237 0.028172 0.041280
0 0.502884 0.420012 0.026656 0.040621
