0 0.651312 0.427149 0.066596 0.267520
0 0.273153 0.423975 0.071611 0.261822
0 0.142938 0.802893 0.046811 0.097396
1 0.260925 0.566203 0.472329 0.653894
1 0.393679 0.575015 0.499981 0.638201
0 0.300653 0.428710 0.131802 0.262582
0 0.668544 0.428779 0.101955 0.262747
0 0.546931 0.222936 0.044231 0.078853
1 0.611814 0.575859 0.398106 0.617792
0 0.761869 0.705366 0.141010 0.240163
0 0.095163 0.798267 0.045041 0.096142
0 0.484730 0.222726 0.060664 0.077503
0 0.348222 0.219923 0.026641 0.067927
0 0.351667 0.222955 0.043378 0.074407
0 0.728213 0.420498 0.086256 0.251899
0 0.421555 0.766860 0.126944 0.141323
0 0.420351 0.224026 0.049251 0.078139
